1.3823
2.-
3.1797
4.64 input plus one class
5.10




SVM
0.56204785754
             precision    recall  f1-score   support

          0       0.56      1.00      0.71        99
          1       0.62      1.00      0.77       113
          2       0.45      1.00      0.62        80
          3       0.54      1.00      0.70        98
          4       0.49      1.00      0.65        88
          5       0.45      1.00      0.62        81
          6       0.60      1.00      0.75       108
          7       0.37      1.00      0.54        66
          8       1.00      0.18      0.31       961
          9       0.57      1.00      0.73       103

avg / total       0.78      0.56      0.48      1797

DTree
0.859209794101
             precision    recall  f1-score   support

          0       0.98      0.96      0.97       182
          1       0.88      0.77      0.82       207
          2       0.82      0.85      0.83       171
          3       0.79      0.86      0.82       167
          4       0.80      0.86      0.83       167
          5       0.88      0.88      0.88       183
          6       0.95      0.94      0.95       183
          7       0.78      0.86      0.82       163
          8       0.86      0.77      0.82       194
          9       0.86      0.86      0.86       180

avg / total       0.86      0.86      0.86      1797

LDA
0.938786867001
             precision    recall  f1-score   support

          0       0.98      1.00      0.99       174
          1       0.91      0.90      0.90       185
          2       0.95      0.97      0.96       174
          3       0.93      0.96      0.94       179
          4       0.97      0.98      0.97       178
          5       0.98      0.93      0.95       193
          6       0.98      1.00      0.99       178
          7       0.91      0.99      0.95       165
          8       0.82      0.88      0.85       161
          9       0.95      0.81      0.88       210

avg / total       0.94      0.94      0.94      1797

NBC
0.728992765721
             precision    recall  f1-score   support

          0       0.99      0.83      0.90       214
          1       0.68      0.70      0.69       176
          2       0.77      0.84      0.81       163
          3       0.70      0.84      0.77       154
          4       0.34      1.00      0.50        61
          5       0.51      0.94      0.66        98
          6       0.97      0.87      0.92       203
          7       0.98      0.72      0.83       246
          8       0.95      0.42      0.58       397
          9       0.40      0.85      0.54        85

avg / total       0.83      0.73      0.74      1797

Logistic
0.94713411241
             precision    recall  f1-score   support

          0       0.98      0.99      0.99       176
          1       0.93      0.90      0.92       188
          2       0.97      0.99      0.98       174
          3       0.93      0.98      0.96       175
          4       0.97      0.96      0.97       183
          5       0.97      0.90      0.93       197
          6       0.98      0.99      0.99       178
          7       0.92      0.99      0.95       166
          8       0.89      0.90      0.89       171
          9       0.92      0.88      0.90       189

avg / total       0.95      0.95      0.95      1797

KNN
0.979966611018
             precision    recall  f1-score   support

          0       1.00      1.00      1.00       178
          1       0.99      0.94      0.97       193
          2       0.99      1.00      0.99       175
          3       0.98      0.98      0.98       183
          4       0.98      0.98      0.98       182
          5       0.98      0.99      0.99       181
          6       1.00      1.00      1.00       181
          7       0.99      0.99      0.99       179
          8       0.94      0.97      0.96       169
          9       0.94      0.96      0.95       176

avg / total       0.98      0.98      0.98      1797

C:\Users\Keshav\Anaconda\lib\site-packages\sklearn\lda.py:161: UserWarning: Variables are collinear
  warnings.warn("Variables are collinear")
